3
19
272 182 0
271 183 1
270 190 1
268 196 1
266 206 1
264 218 1
262 225 1
260 236 1
257 254 1
254 267 1
252 279 1
250 300 1
247 312 1
244 320 1
244 325 1
241 336 1
240 343 1
240 344 1
239 349 1
25
273 183 0
273 185 1
276 198 0
282 213 0
286 225 0
291 237 0
296 250 0
299 257 0
303 271 0
304 276 0
306 285 0
307 288 0
309 298 0
309 301 1
310 308 0
312 314 0
313 319 0
314 325 0
314 329 1
316 335 0
317 337 0
318 340 0
319 344 0
319 345 1
321 349 0
18
250 300 0
251 299 0
256 299 0
265 299 0
271 298 0
284 297 0
287 297 0
291 296 0
292 295 0
294 295 0
296 295 0
299 295 0
300 295 0
301 295 0
304 295 0
305 295 0
307 295 0
308 295 0
