3
36
212 169 0
212 173 1
216 202 0
218 227 0
218 264 1
219 276 0
219 290 1
219 300 1
220 319 0
220 334 1
220 339 1
220 344 1
220 350 1
220 351 1
220 352 1
220 358 1
220 362 1
220 369 1
220 372 1
220 376 1
220 380 1
221 382 0
224 382 0
226 382 0
231 381 0
238 380 0
249 379 0
266 378 0
279 378 0
307 376 0
328 372 0
334 371 0
345 370 0
352 370 0
356 370 0
359 370 0
12
219 270 0
221 270 0
242 264 0
257 264 0
285 268 0
299 269 0
308 271 0
313 271 0
314 271 0
320 272 0
328 272 0
329 273 0
13
213 168 0
219 168 0
229 168 0
262 169 0
286 169 0
291 169 0
306 169 0
309 168 0
312 167 0
313 167 0
315 166 0
318 166 0
321 166 0
