7
13
153 202 0
153 204 1
154 224 0
154 229 1
156 246 0
159 265 0
163 281 0
163 291 1
164 309 0
165 324 0
165 329 1
165 338 1
165 340 1
23
143 206 0
153 198 0
178 193 0
196 194 0
206 199 0
210 205 0
211 212 0
211 222 1
206 235 1
190 247 1
183 253 1
175 260 1
161 271 1
150 280 1
144 285 1
140 289 1
152 289 0
171 290 0
185 294 0
197 299 0
215 309 0
245 325 0
247 327 0
10
272 220 0
271 221 1
270 224 1
264 245 1
260 263 1
255 285 1
252 295 1
247 311 1
246 319 1
243 329 1
11
271 221 0
274 227 0
284 258 0
288 274 0
292 286 0
297 301 0
299 307 0
299 310 1
300 313 0
301 319 0
302 320 0
5
252 289 0
259 287 0
283 281 0
294 280 0
296 279 0
10
311 225 0
311 228 1
311 242 1
312 252 0
317 277 0
318 298 0
319 302 0
320 306 0
321 313 0
322 319 0
22
310 223 0
318 226 0
339 242 0
343 247 0
343 248 1
346 253 0
351 258 0
356 263 0
357 263 0
357 259 1
364 241 0
369 229 0
377 209 0
381 199 0
382 197 0
384 211 0
390 261 0
393 289 0
397 314 0
399 328 0
399 335 1
399 340 1
