15
10
36 248 0
36 257 1
36 291 1
37 340 0
37 357 1
37 388 1
38 398 0
39 406 0
39 412 1
39 410 1
18
34 249 0
38 246 0
71 228 0
103 223 0
114 230 0
116 236 0
117 245 0
113 255 1
102 270 1
90 280 1
74 291 1
63 300 1
59 304 1
48 312 1
48 314 1
47 314 1
47 315 1
42 320 1
15
152 256 0
150 257 1
144 269 1
137 284 1
127 300 1
124 307 1
121 316 1
120 321 1
120 323 1
119 324 1
117 327 1
117 328 1
112 339 1
111 341 1
110 341 1
14
151 255 0
152 257 0
155 264 0
163 283 0
166 291 0
169 297 0
170 303 0
171 305 0
172 309 0
172 313 1
172 318 1
172 322 1
172 325 1
172 326 1
14
124 309 0
131 307 0
134 306 0
138 304 0
144 302 0
146 300 0
149 298 0
152 297 0
156 295 0
159 294 0
161 292 0
162 292 0
163 290 0
164 290 0
10
183 248 0
183 253 1
184 272 0
184 286 1
184 293 1
184 301 1
184 308 1
184 314 1
184 317 1
184 318 1
9
183 250 0
183 251 1
191 260 0
209 282 0
214 291 0
223 304 0
231 317 0
235 321 0
239 328 0
21
228 223 0
228 225 1
228 229 1
228 242 1
230 254 0
231 259 0
231 264 1
231 267 1
231 273 1
231 276 1
231 282 1
231 288 1
231 294 1
231 298 1
231 302 1
231 303 1
231 306 1
231 310 1
231 312 1
231 314 1
231 315 1
11
249 236 0
249 238 1
249 253 1
249 256 1
249 266 1
249 273 1
249 278 1
249 281 1
249 288 1
249 291 1
249 296 1
32
270 233 0
268 240 1
266 245 1
266 249 1
264 251 1
263 254 1
261 256 1
260 258 1
259 260 1
258 262 1
256 264 1
255 267 1
254 268 1
253 270 1
252 270 1
251 272 1
251 273 1
251 274 1
253 277 0
254 278 0
257 279 0
261 281 0
262 281 0
265 284 0
266 285 0
268 287 0
270 289 0
273 292 0
275 294 0
276 294 0
278 296 0
279 296 0
11
304 237 0
304 234 1
304 235 1
299 253 1
296 261 1
291 280 1
289 287 1
286 299 1
283 310 1
282 313 1
282 314 1
15
305 236 0
306 236 0
311 239 0
320 255 0
323 265 0
331 280 0
332 284 0
334 288 0
336 289 0
337 292 0
337 295 1
338 297 0
338 298 1
338 299 1
338 300 1
14
293 283 0
292 283 1
292 282 1
299 280 0
303 278 0
305 276 0
308 275 0
309 275 0
312 274 0
317 272 0
320 269 0
321 269 0
322 267 0
325 267 0
20
379 219 0
379 221 1
381 230 0
385 254 0
386 271 0
386 279 1
386 285 1
386 288 1
385 289 1
382 294 1
381 298 1
378 302 1
375 306 1
373 307 1
371 307 1
365 303 1
362 301 1
360 299 1
359 298 1
358 296 1
13
353 225 0
354 225 0
361 222 0
366 220 0
370 219 0
375 217 0
377 216 0
380 214 0
382 213 0
386 212 0
393 210 0
397 209 0
398 208 0
