2
30
167 168 0
167 170 1
172 205 0
173 230 0
175 248 0
176 258 0
177 280 0
177 288 1
177 292 1
177 301 1
177 312 1
177 319 1
177 327 1
177 332 1
177 337 1
177 341 1
177 347 1
177 349 1
177 354 1
177 362 1
177 365 1
177 367 1
177 368 1
177 370 1
177 375 1
177 379 1
177 381 1
177 383 1
177 384 1
177 386 1
69
166 169 0
166 168 1
174 166 0
210 163 0
224 163 0
250 169 0
253 172 0
255 178 0
253 188 1
249 195 1
246 201 1
240 212 1
235 220 1
228 230 1
223 238 1
217 246 1
205 257 1
198 262 1
192 268 1
188 272 1
186 275 1
185 275 1
182 280 1
180 281 1
179 282 1
177 282 1
177 283 1
176 283 1
176 284 1
180 284 0
185 284 0
198 285 0
208 287 0
215 288 0
223 290 0
237 297 0
260 310 0
274 319 0
282 330 0
284 339 0
281 345 1
278 352 1
273 362 1
269 367 1
257 377 1
249 382 1
235 389 1
228 392 1
220 393 1
216 393 1
213 393 1
209 393 1
205 393 1
203 393 1
201 392 1
197 391 1
193 391 1
191 391 1
188 391 1
186 391 1
183 391 1
182 391 1
182 390 1
180 389 1
179 388 1
178 387 1
177 386 1
177 384 1
176 383 1
